{
  "last_node_id": 33,
  "last_link_id": 55,
  "nodes": [
    {
      "id": 27,
      "type": "Anything Everywhere3",
      "pos": [
        -41.69761149088548,
        969.6519707573785
      ],
      "size": {
        "0": 210,
        "1": 66
      },
      "flags": {},
      "order": 13,
      "mode": 0,
      "inputs": [
        {
          "name": "VAE",
          "type": "*",
          "link": 38,
          "label": "VAE",
          "color_on": "#FF6E6E"
        },
        {
          "name": "MODEL",
          "type": "*",
          "link": 37,
          "label": "MODEL",
          "color_on": "#B39DDB"
        },
        {
          "name": "CLIP",
          "type": "*",
          "link": 36,
          "label": "CLIP",
          "color_on": "#FFD500"
        }
      ],
      "properties": {
        "Node name for S&R": "Anything Everywhere3",
        "group_restricted": false,
        "color_restricted": false
      }
    },
    {
      "id": 13,
      "type": "ControlNetApplyAdvanced",
      "pos": [
        732.3023885091148,
        1096.6519707573784
      ],
      "size": {
        "0": 315,
        "1": 166
      },
      "flags": {},
      "order": 16,
      "mode": 0,
      "inputs": [
        {
          "name": "positive",
          "type": "CONDITIONING",
          "link": 24,
          "label": "positive"
        },
        {
          "name": "negative",
          "type": "CONDITIONING",
          "link": 26,
          "label": "negative"
        },
        {
          "name": "control_net",
          "type": "CONTROL_NET",
          "link": 9,
          "label": "control_net"
        },
        {
          "name": "image",
          "type": "IMAGE",
          "link": 31,
          "label": "image"
        }
      ],
      "outputs": [
        {
          "name": "positive",
          "type": "CONDITIONING",
          "links": [
            27
          ],
          "shape": 3,
          "slot_index": 0,
          "label": "positive"
        },
        {
          "name": "negative",
          "type": "CONDITIONING",
          "links": [
            28
          ],
          "shape": 3,
          "slot_index": 1,
          "label": "negative"
        }
      ],
      "properties": {
        "Node name for S&R": "ControlNetApplyAdvanced"
      },
      "widgets_values": [
        1,
        0,
        1
      ],
      "serialize_values": [
        null,
        null,
        null
      ]
    },
    {
      "id": 24,
      "type": "ACN_SparseCtrlIndexMethodNode",
      "pos": [
        739.3023885091148,
        1512.6519707573784
      ],
      "size": {
        "0": 315,
        "1": 58
      },
      "flags": {},
      "order": 0,
      "mode": 0,
      "outputs": [
        {
          "name": "SPARSE_METHOD",
          "type": "SPARSE_METHOD",
          "links": [
            29
          ],
          "shape": 3,
          "slot_index": 0,
          "label": "SPARSE_METHOD"
        }
      ],
      "properties": {
        "Node name for S&R": "ACN_SparseCtrlIndexMethodNode"
      },
      "widgets_values": [
        "0,4,7,11,15,19,23,27,31"
      ],
      "serialize_values": [
        null
      ]
    },
    {
      "id": 14,
      "type": "CheckpointLoaderSimple",
      "pos": [
        -393.6976114908854,
        883.6519707573785
      ],
      "size": {
        "0": 315,
        "1": 98
      },
      "flags": {},
      "order": 1,
      "mode": 0,
      "outputs": [
        {
          "name": "MODEL",
          "type": "MODEL",
          "links": [
            11
          ],
          "shape": 3,
          "label": "MODEL"
        },
        {
          "name": "CLIP",
          "type": "CLIP",
          "links": [
            12
          ],
          "shape": 3,
          "label": "CLIP"
        },
        {
          "name": "VAE",
          "type": "VAE",
          "links": [
            38
          ],
          "shape": 3,
          "slot_index": 2,
          "label": "VAE"
        }
      ],
      "properties": {
        "Node name for S&R": "CheckpointLoaderSimple"
      },
      "widgets_values": [
        "majicMIX realistic(v7)"
      ],
      "serialize_values": [
        "192_3750_4424@7c819b6d13.safetensors"
      ]
    },
    {
      "id": 18,
      "type": "EmptyLatentImage",
      "pos": [
        1189.302388509115,
        1390.6519707573784
      ],
      "size": {
        "0": 315,
        "1": 106
      },
      "flags": {},
      "order": 2,
      "mode": 0,
      "outputs": [
        {
          "name": "LATENT",
          "type": "LATENT",
          "links": [
            22
          ],
          "shape": 3,
          "slot_index": 0,
          "label": "LATENT"
        }
      ],
      "properties": {
        "Node name for S&R": "EmptyLatentImage"
      },
      "widgets_values": [
        544,
        960,
        32
      ],
      "serialize_values": [
        null,
        null,
        null
      ]
    },
    {
      "id": 12,
      "type": "ACN_SparseCtrlLoaderAdvanced",
      "pos": [
        736,
        1312
      ],
      "size": {
        "0": 317.4000244140625,
        "1": 150
      },
      "flags": {},
      "order": 8,
      "mode": 0,
      "inputs": [
        {
          "name": "sparse_method",
          "type": "SPARSE_METHOD",
          "link": 29,
          "label": "sparse_method"
        },
        {
          "name": "tk_optional",
          "type": "TIMESTEP_KEYFRAME",
          "link": null,
          "label": "tk_optional"
        }
      ],
      "outputs": [
        {
          "name": "CONTROL_NET",
          "type": "CONTROL_NET",
          "links": [
            9
          ],
          "shape": 3,
          "slot_index": 0,
          "label": "CONTROL_NET"
        }
      ],
      "properties": {
        "Node name for S&R": "ACN_SparseCtrlLoaderAdvanced"
      },
      "widgets_values": [
        "v3_sd15_sparsectrl_scribble.ckpt",
        true,
        1,
        1
      ],
      "serialize_values": [
        null,
        null,
        null,
        null
      ]
    },
    {
      "id": 25,
      "type": "FakeScribblePreprocessor",
      "pos": [
        408,
        159
      ],
      "size": {
        "0": 319.20001220703125,
        "1": 82
      },
      "flags": {},
      "order": 15,
      "mode": 0,
      "inputs": [
        {
          "name": "image",
          "type": "IMAGE",
          "link": 30,
          "label": "image"
        }
      ],
      "outputs": [
        {
          "name": "IMAGE",
          "type": "IMAGE",
          "links": [
            31,
            32
          ],
          "shape": 3,
          "slot_index": 0,
          "label": "IMAGE"
        }
      ],
      "properties": {
        "Node name for S&R": "FakeScribblePreprocessor"
      },
      "widgets_values": [
        "enable",
        512
      ],
      "serialize_values": [
        null,
        null
      ]
    },
    {
      "id": 8,
      "type": "ImageScale",
      "pos": [
        406,
        -28
      ],
      "size": {
        "0": 315,
        "1": 130
      },
      "flags": {},
      "order": 14,
      "mode": 0,
      "inputs": [
        {
          "name": "image",
          "type": "IMAGE",
          "link": 34,
          "label": "image"
        }
      ],
      "outputs": [
        {
          "name": "IMAGE",
          "type": "IMAGE",
          "links": [
            30
          ],
          "shape": 3,
          "slot_index": 0,
          "label": "IMAGE"
        }
      ],
      "properties": {
        "Node name for S&R": "ImageScale"
      },
      "widgets_values": [
        "nearest-exact",
        544,
        960,
        "disabled"
      ],
      "serialize_values": [
        null,
        null,
        null,
        null
      ]
    },
    {
      "id": 26,
      "type": "Select Image Indices",
      "pos": [
        53,
        -28
      ],
      "size": {
        "0": 315,
        "1": 58
      },
      "flags": {},
      "order": 12,
      "mode": 0,
      "inputs": [
        {
          "name": "images",
          "type": "IMAGE",
          "link": 33,
          "label": "images"
        }
      ],
      "outputs": [
        {
          "name": "IMAGE",
          "type": "IMAGE",
          "links": [
            34
          ],
          "shape": 3,
          "slot_index": 0,
          "label": "IMAGE"
        }
      ],
      "properties": {
        "Node name for S&R": "Select Image Indices"
      },
      "widgets_values": [
        "0,4,7,11,15,19,23,27,31"
      ],
      "serialize_values": [
        null
      ]
    },
    {
      "id": 16,
      "type": "ADE_AnimateDiffLoaderWithContext",
      "pos": [
        1172,
        799
      ],
      "size": {
        "0": 342.5999755859375,
        "1": 210
      },
      "flags": {},
      "order": 10,
      "mode": 0,
      "inputs": [
        {
          "name": "model",
          "type": "MODEL",
          "link": null,
          "label": "model"
        },
        {
          "name": "context_options",
          "type": "CONTEXT_OPTIONS",
          "link": 14,
          "label": "context_options"
        },
        {
          "name": "motion_lora",
          "type": "MOTION_LORA",
          "link": null,
          "label": "motion_lora"
        },
        {
          "name": "motion_model_settings",
          "type": "MOTION_MODEL_SETTINGS",
          "link": null,
          "label": "motion_model_settings"
        },
        {
          "name": "sample_settings",
          "type": "sample_settings",
          "link": null,
          "label": "sample_settings"
        }
      ],
      "outputs": [
        {
          "name": "MODEL",
          "type": "MODEL",
          "links": [
            46
          ],
          "shape": 3,
          "slot_index": 0,
          "label": "MODEL"
        }
      ],
      "properties": {
        "Node name for S&R": "ADE_AnimateDiffLoaderWithContext"
      },
      "widgets_values": [
        "v3_sd15_mm.ckpt",
        "sqrt_linear (AnimateDiff)",
        1,
        true
      ],
      "serialize_values": [
        null,
        null,
        null,
        null
      ]
    },
    {
      "id": 17,
      "type": "ADE_AnimateDiffUniformContextOptions",
      "pos": [
        830,
        819
      ],
      "size": {
        "0": 315,
        "1": 154
      },
      "flags": {},
      "order": 3,
      "mode": 0,
      "outputs": [
        {
          "name": "CONTEXT_OPTIONS",
          "type": "CONTEXT_OPTIONS",
          "links": [
            14
          ],
          "shape": 3,
          "slot_index": 0,
          "label": "CONTEXT_OPTIONS"
        }
      ],
      "properties": {
        "Node name for S&R": "ADE_AnimateDiffUniformContextOptions"
      },
      "widgets_values": [
        16,
        1,
        4,
        "uniform",
        false
      ],
      "serialize_values": [
        null,
        null,
        null,
        null,
        null
      ]
    },
    {
      "id": 20,
      "type": "CLIPTextEncode",
      "pos": [
        317,
        957
      ],
      "size": {
        "0": 400,
        "1": 200
      },
      "flags": {},
      "order": 4,
      "mode": 0,
      "inputs": [
        {
          "name": "clip",
          "type": "CLIP",
          "link": null,
          "label": "clip"
        }
      ],
      "outputs": [
        {
          "name": "CONDITIONING",
          "type": "CONDITIONING",
          "links": [
            26
          ],
          "shape": 3,
          "slot_index": 0,
          "label": "CONDITIONING"
        }
      ],
      "properties": {
        "Node name for S&R": "CLIPTextEncode"
      },
      "widgets_values": [
        "embedding:EasyNegativeV2, embedding:ng_deepnegative_v1_75t, "
      ],
      "serialize_values": [
        "embedding:EasyNegativeV2, embedding:ng_deepnegative_v1_75t, "
      ]
    },
    {
      "id": 6,
      "type": "VHS_VideoCombine",
      "pos": [
        1102,
        -99
      ],
      "size": [
        396.12322998046875,
        568.1232299804688
      ],
      "flags": {},
      "order": 11,
      "mode": 0,
      "inputs": [
        {
          "name": "images",
          "type": "IMAGE",
          "link": 4,
          "label": "images"
        },
        {
          "name": "audio",
          "type": "VHS_AUDIO",
          "link": null,
          "label": "audio"
        }
      ],
      "outputs": [
        {
          "name": "Filenames",
          "type": "VHS_FILENAMES",
          "links": null,
          "shape": 3,
          "label": "Filenames"
        }
      ],
      "properties": {
        "Node name for S&R": "VHS_VideoCombine"
      },
      "widgets_values": {
        "frame_rate": 8,
        "loop_count": 0,
        "filename_prefix": "AnimateDiff",
        "format": "image/gif",
        "pingpong": false,
        "save_output": true,
        "videopreview": {
          "hidden": false,
          "paused": false,
          "params": {
            "filename": "https://boss.aikobo.cn/aigc-public/8fbb8535cba9c6e357db275411519b7fa7133e3b050e40373abee5f71742b52c.gif",
            "subfolder": "",
            "type": "output",
            "format": "image/gif"
          }
        }
      },
      "serialize_values": [
        null,
        null,
        "AnimateDiff",
        null,
        null,
        null,
        null
      ]
    },
    {
      "id": 15,
      "type": "LoraLoader",
      "pos": [
        -398,
        1028
      ],
      "size": {
        "0": 315,
        "1": 126
      },
      "flags": {},
      "order": 9,
      "mode": 0,
      "inputs": [
        {
          "name": "model",
          "type": "MODEL",
          "link": 11,
          "label": "model"
        },
        {
          "name": "clip",
          "type": "CLIP",
          "link": 12,
          "label": "clip"
        }
      ],
      "outputs": [
        {
          "name": "MODEL",
          "type": "MODEL",
          "links": [
            37
          ],
          "shape": 3,
          "slot_index": 0,
          "label": "MODEL"
        },
        {
          "name": "CLIP",
          "type": "CLIP",
          "links": [
            36
          ],
          "shape": 3,
          "slot_index": 1,
          "label": "CLIP"
        }
      ],
      "properties": {
        "Node name for S&R": "LoraLoader"
      },
      "widgets_values": [
        "Add More Details - Detail Enhancer / Twe(v1)",
        0.5,
        1
      ],
      "serialize_values": [
        "3402_5137_6006@d9cf2f88de.safetensors",
        null,
        null
      ]
    },
    {
      "id": 21,
      "type": "KSampler",
      "pos": [
        1190.302388509115,
        1077.6519707573784
      ],
      "size": {
        "0": 315,
        "1": 262
      },
      "flags": {},
      "order": 18,
      "mode": 0,
      "inputs": [
        {
          "name": "model",
          "type": "MODEL",
          "link": 46,
          "label": "model"
        },
        {
          "name": "positive",
          "type": "CONDITIONING",
          "link": 27,
          "label": "positive"
        },
        {
          "name": "negative",
          "type": "CONDITIONING",
          "link": 28,
          "label": "negative"
        },
        {
          "name": "latent_image",
          "type": "LATENT",
          "link": 22,
          "label": "latent_image"
        }
      ],
      "outputs": [
        {
          "name": "LATENT",
          "type": "LATENT",
          "links": [
            17
          ],
          "shape": 3,
          "label": "LATENT"
        }
      ],
      "properties": {
        "Node name for S&R": "KSampler"
      },
      "widgets_values": [
        924521997304039,
        "randomize",
        30,
        7,
        "dpmpp_2m_sde_gpu",
        "karras",
        1
      ],
      "serialize_values": [
        null,
        null,
        null,
        null,
        null,
        null,
        null
      ]
    },
    {
      "id": 19,
      "type": "CLIPTextEncode",
      "pos": [
        320,
        712
      ],
      "size": {
        "0": 400,
        "1": 200
      },
      "flags": {},
      "order": 5,
      "mode": 0,
      "inputs": [
        {
          "name": "clip",
          "type": "CLIP",
          "link": null,
          "label": "clip"
        }
      ],
      "outputs": [
        {
          "name": "CONDITIONING",
          "type": "CONDITIONING",
          "links": [
            24
          ],
          "shape": 3,
          "slot_index": 0,
          "label": "CONDITIONING"
        }
      ],
      "properties": {
        "Node name for S&R": "CLIPTextEncode"
      },
      "widgets_values": [
        "1girl,long hair, pink hair, white dress, run, Churches, parks, European style architecture"
      ],
      "serialize_values": [
        "1girl,long hair, pink hair, white dress, run, Churches, parks, European style architecture"
      ]
    },
    {
      "id": 3,
      "type": "Motionctrl Sample",
      "pos": [
        -394.82404920789946,
        -102.1181452167045
      ],
      "size": {
        "0": 431.260009765625,
        "1": 538.4083862304688
      },
      "flags": {},
      "order": 6,
      "mode": 0,
      "outputs": [
        {
          "name": "IMAGE",
          "type": "IMAGE",
          "links": [
            4,
            33
          ],
          "shape": 3,
          "slot_index": 0,
          "label": "IMAGE"
        }
      ],
      "properties": {
        "Node name for S&R": "Motionctrl Sample"
      },
      "widgets_values": [
        "1girl,long hair, pink hair, white dress, run, Churches, parks, European style architecture",
        "[\n    [\n        1.0,\n        0.0,\n        0.0,\n        0.0,\n        0.0,\n        1.0,\n        0.0,\n        0.0,\n        0.0,\n        0.0,\n        1.0,\n        1.8\n    ],\n    [\n        0.9914448613738104,\n        0.0,\n        0.13052619222005157,\n        0.13052619222005157,\n        0.0,\n        1.0,\n        0.0,\n        0.0,\n        -0.13052619222005157,\n        0.0,\n        0.9914448613738104,\n        1.7914448613738103\n    ],\n    [\n        0.9659258262890683,\n        0.0,\n        0.25881904510252074,\n        0.25881904510252074,\n        0.0,\n        1.0,\n        0.0,\n        0.0,\n        -0.25881904510252074,\n        0.0,\n        0.9659258262890683,\n        1.7659258262890685\n    ],\n    [\n        0.9238795325112867,\n        0.0,\n        0.3826834323650898,\n        0.3826834323650898,\n        0.0,\n        1.0,\n        0.0,\n        0.0,\n        -0.3826834323650898,\n        0.0,\n        0.9238795325112867,\n        1.7238795325112868\n    ],\n    [\n        0.8660254037844387,\n        0.0,\n        0.49999999999999994,\n        0.49999999999999994,\n        0.0,\n        1.0,\n        0.0,\n        0.0,\n        -0.49999999999999994,\n        0.0,\n        0.8660254037844387,\n        1.6660254037844386\n    ],\n    [\n        0.7933533402912353,\n        0.0,\n        0.6087614290087205,\n        0.6087614290087205,\n        0.0,\n        1.0,\n        0.0,\n        0.0,\n        -0.6087614290087205,\n        0.0,\n        0.7933533402912353,\n        1.5933533402912352\n    ],\n    [\n        0.7071067811865476,\n        0.0,\n        0.7071067811865476,\n        0.7071067811865476,\n        0.0,\n        1.0,\n        0.0,\n        0.0,\n        -0.7071067811865476,\n        0.0,\n        0.7071067811865476,\n        1.5071067811865477\n    ],\n    [\n        0.6087614290087207,\n        0.0,\n        0.7933533402912352,\n        0.7933533402912352,\n        0.0,\n        1.0,\n        0.0,\n        0.0,\n        -0.7933533402912352,\n        0.0,\n        0.6087614290087207,\n        1.4087614290087207\n    ],\n    [\n        0.5000000000000001,\n        0.0,\n        0.8660254037844386,\n        0.8660254037844386,\n        0.0,\n        1.0,\n        0.0,\n        0.0,\n        -0.8660254037844386,\n        0.0,\n        0.5000000000000001,\n        1.3000000000000003\n    ],\n    [\n        0.38268343236508984,\n        0.0,\n        0.9238795325112867,\n        0.9238795325112867,\n        0.0,\n        1.0,\n        0.0,\n        0.0,\n        -0.9238795325112867,\n        0.0,\n        0.38268343236508984,\n        1.1826834323650899\n    ],\n    [\n        0.25881904510252096,\n        0.0,\n        0.9659258262890682,\n        0.9659258262890682,\n        0.0,\n        1.0,\n        0.0,\n        0.0,\n        -0.9659258262890682,\n        0.0,\n        0.25881904510252096,\n        1.058819045102521\n    ],\n    [\n        0.1305261922200517,\n        0.0,\n        0.9914448613738104,\n        0.9914448613738104,\n        0.0,\n        1.0,\n        0.0,\n        0.0,\n        -0.9914448613738104,\n        0.0,\n        0.1305261922200517,\n        0.9305261922200517\n    ],\n    [\n        6.123233995736766e-17,\n        0.0,\n        1.0,\n        1.0,\n        0.0,\n        1.0,\n        0.0,\n        0.0,\n        -1.0,\n        0.0,\n        6.123233995736766e-17,\n        0.8000000000000002\n    ],\n    [\n        -0.13052619222005138,\n        0.0,\n        0.9914448613738105,\n        0.9914448613738105,\n        0.0,\n        1.0,\n        0.0,\n        0.0,\n        -0.9914448613738105,\n        0.0,\n        -0.13052619222005138,\n        0.6694738077799487\n    ],\n    [\n        -0.25881904510252063,\n        0.0,\n        0.9659258262890683,\n        0.9659258262890683,\n        0.0,\n        1.0,\n        0.0,\n        0.0,\n        -0.9659258262890683,\n        0.0,\n        -0.25881904510252063,\n        0.5411809548974794\n    ],\n    [\n        -0.3826834323650895,\n        0.0,\n        0.9238795325112868,\n        0.9238795325112868,\n        0.0,\n        1.0,\n        0.0,\n        0.0,\n        -0.9238795325112868,\n        0.0,\n        -0.3826834323650895,\n        0.41731656763491054\n    ]\n]",
        "[[476,12],[472,156],[464,348],[472,488],[472,700],[464,872],[264,828],[268,484],[616,464],[824,476],[824,812],[676,848],[564,848]]",
        32,
        50,
        2048,
        "fixed",
        "https://chaojie.github.io/ComfyUI-MotionCtrl/tools/draw.html",
        false,
        true,
        "motionctrl.pth"
      ],
      "serialize_values": [
        "1girl,long hair, pink hair, white dress, run, Churches, parks, European style architecture",
        "[\n    [\n        1.0,\n        0.0,\n        0.0,\n        0.0,\n        0.0,\n        1.0,\n        0.0,\n        0.0,\n        0.0,\n        0.0,\n        1.0,\n        1.8\n    ],\n    [\n        0.9914448613738104,\n        0.0,\n        0.13052619222005157,\n        0.13052619222005157,\n        0.0,\n        1.0,\n        0.0,\n        0.0,\n        -0.13052619222005157,\n        0.0,\n        0.9914448613738104,\n        1.7914448613738103\n    ],\n    [\n        0.9659258262890683,\n        0.0,\n        0.25881904510252074,\n        0.25881904510252074,\n        0.0,\n        1.0,\n        0.0,\n        0.0,\n        -0.25881904510252074,\n        0.0,\n        0.9659258262890683,\n        1.7659258262890685\n    ],\n    [\n        0.9238795325112867,\n        0.0,\n        0.3826834323650898,\n        0.3826834323650898,\n        0.0,\n        1.0,\n        0.0,\n        0.0,\n        -0.3826834323650898,\n        0.0,\n        0.9238795325112867,\n        1.7238795325112868\n    ],\n    [\n        0.8660254037844387,\n        0.0,\n        0.49999999999999994,\n        0.49999999999999994,\n        0.0,\n        1.0,\n        0.0,\n        0.0,\n        -0.49999999999999994,\n        0.0,\n        0.8660254037844387,\n        1.6660254037844386\n    ],\n    [\n        0.7933533402912353,\n        0.0,\n        0.6087614290087205,\n        0.6087614290087205,\n        0.0,\n        1.0,\n        0.0,\n        0.0,\n        -0.6087614290087205,\n        0.0,\n        0.7933533402912353,\n        1.5933533402912352\n    ],\n    [\n        0.7071067811865476,\n        0.0,\n        0.7071067811865476,\n        0.7071067811865476,\n        0.0,\n        1.0,\n        0.0,\n        0.0,\n        -0.7071067811865476,\n        0.0,\n        0.7071067811865476,\n        1.5071067811865477\n    ],\n    [\n        0.6087614290087207,\n        0.0,\n        0.7933533402912352,\n        0.7933533402912352,\n        0.0,\n        1.0,\n        0.0,\n        0.0,\n        -0.7933533402912352,\n        0.0,\n        0.6087614290087207,\n        1.4087614290087207\n    ],\n    [\n        0.5000000000000001,\n        0.0,\n        0.8660254037844386,\n        0.8660254037844386,\n        0.0,\n        1.0,\n        0.0,\n        0.0,\n        -0.8660254037844386,\n        0.0,\n        0.5000000000000001,\n        1.3000000000000003\n    ],\n    [\n        0.38268343236508984,\n        0.0,\n        0.9238795325112867,\n        0.9238795325112867,\n        0.0,\n        1.0,\n        0.0,\n        0.0,\n        -0.9238795325112867,\n        0.0,\n        0.38268343236508984,\n        1.1826834323650899\n    ],\n    [\n        0.25881904510252096,\n        0.0,\n        0.9659258262890682,\n        0.9659258262890682,\n        0.0,\n        1.0,\n        0.0,\n        0.0,\n        -0.9659258262890682,\n        0.0,\n        0.25881904510252096,\n        1.058819045102521\n    ],\n    [\n        0.1305261922200517,\n        0.0,\n        0.9914448613738104,\n        0.9914448613738104,\n        0.0,\n        1.0,\n        0.0,\n        0.0,\n        -0.9914448613738104,\n        0.0,\n        0.1305261922200517,\n        0.9305261922200517\n    ],\n    [\n        6.123233995736766e-17,\n        0.0,\n        1.0,\n        1.0,\n        0.0,\n        1.0,\n        0.0,\n        0.0,\n        -1.0,\n        0.0,\n        6.123233995736766e-17,\n        0.8000000000000002\n    ],\n    [\n        -0.13052619222005138,\n        0.0,\n        0.9914448613738105,\n        0.9914448613738105,\n        0.0,\n        1.0,\n        0.0,\n        0.0,\n        -0.9914448613738105,\n        0.0,\n        -0.13052619222005138,\n        0.6694738077799487\n    ],\n    [\n        -0.25881904510252063,\n        0.0,\n        0.9659258262890683,\n        0.9659258262890683,\n        0.0,\n        1.0,\n        0.0,\n        0.0,\n        -0.9659258262890683,\n        0.0,\n        -0.25881904510252063,\n        0.5411809548974794\n    ],\n    [\n        -0.3826834323650895,\n        0.0,\n        0.9238795325112868,\n        0.9238795325112868,\n        0.0,\n        1.0,\n        0.0,\n        0.0,\n        -0.9238795325112868,\n        0.0,\n        -0.3826834323650895,\n        0.41731656763491054\n    ]\n]",
        "[[476,12],[472,156],[464,348],[472,488],[472,700],[464,872],[264,828],[268,484],[616,464],[824,476],[824,812],[676,848],[564,848]]",
        null,
        null,
        null,
        null,
        null,
        null,
        null,
        null
      ]
    },
    {
      "id": 22,
      "type": "VAEDecode",
      "pos": [
        1561.302388509115,
        1080.6519707573784
      ],
      "size": {
        "0": 210,
        "1": 46
      },
      "flags": {},
      "order": 19,
      "mode": 0,
      "inputs": [
        {
          "name": "samples",
          "type": "LATENT",
          "link": 17,
          "label": "samples"
        },
        {
          "name": "vae",
          "type": "VAE",
          "link": null,
          "label": "vae"
        }
      ],
      "outputs": [
        {
          "name": "IMAGE",
          "type": "IMAGE",
          "links": [
            18
          ],
          "shape": 3,
          "label": "IMAGE",
          "slot_index": 0
        }
      ],
      "properties": {
        "Node name for S&R": "VAEDecode"
      }
    },
    {
      "id": 23,
      "type": "VHS_VideoCombine",
      "pos": [
        1822.302388509115,
        1081.6519707573784
      ],
      "size": [
        315,
        776.9411764705883
      ],
      "flags": {},
      "order": 20,
      "mode": 0,
      "inputs": [
        {
          "name": "images",
          "type": "IMAGE",
          "link": 18,
          "label": "images"
        },
        {
          "name": "audio",
          "type": "VHS_AUDIO",
          "link": null,
          "label": "audio"
        }
      ],
      "outputs": [
        {
          "name": "Filenames",
          "type": "VHS_FILENAMES",
          "links": null,
          "shape": 3,
          "label": "Filenames"
        }
      ],
      "properties": {
        "Node name for S&R": "VHS_VideoCombine"
      },
      "widgets_values": {
        "frame_rate": 8,
        "loop_count": 0,
        "filename_prefix": "AnimateDiff",
        "format": "video/h264-mp4",
        "pix_fmt": "yuv420p",
        "crf": 20,
        "save_metadata": true,
        "pingpong": false,
        "save_output": true,
        "videopreview": {
          "hidden": false,
          "paused": false,
          "params": {
            "filename": "https://boss.aikobo.cn/aigc-public/980668d726c1eec9fb6b5d7b1c089662e68801158ea3a7ad256ddee560f890b4.mp4",
            "subfolder": "",
            "type": "output",
            "format": "video/mp4"
          }
        }
      },
      "serialize_values": [
        null,
        null,
        "AnimateDiff",
        null,
        null,
        null,
        null,
        null,
        null,
        null
      ]
    },
    {
      "id": 10,
      "type": "PreviewImage",
      "pos": [
        813,
        159
      ],
      "size": {
        "0": 210,
        "1": 246
      },
      "flags": {},
      "order": 17,
      "mode": 0,
      "inputs": [
        {
          "name": "images",
          "type": "IMAGE",
          "link": 32,
          "label": "images"
        }
      ],
      "properties": {
        "Node name for S&R": "PreviewImage"
      }
    },
    {
      "id": 32,
      "type": "Note _O",
      "pos": [
        -1102,
        484
      ],
      "size": {
        "0": 729.3816528320312,
        "1": 238.49143981933594
      },
      "flags": {},
      "order": 7,
      "mode": 0,
      "properties": {
        "Node name for S&R": "Note _O"
      },
      "widgets_values": [
        "    \n\n    MotionCtrl的github地址：https://github.com/TencentARC/MotionCtrl\n    \n    定义物体运动轨迹工具：https://chaojie.github.io/ComfyUI-MotionCtrl/tools/draw.html\n\n    定义镜头运动工具 :https://chaojie.github.io/ComfyUI-MotionCtrl/tools/index.html\n\n    camera运动数据可以使用MotionCtrl example内置json数据\n\n    裙子颜色没有矫正或权重修改，仅测试\n"
      ],
      "color": "#322",
      "bgcolor": "#533",
      "serialize_values": [
        "    \n\n    MotionCtrl的github地址：https:\n    \n    定义物体运动轨迹工具：https:\n\n    定义镜头运动工具 :https:\n\n    camera运动数据可以使用MotionCtrl example内置json数据\n\n    裙子颜色没有矫正或权重修改，仅测试\n"
      ]
    }
  ],
  "links": [
    [
      4,
      3,
      0,
      6,
      0,
      "IMAGE"
    ],
    [
      9,
      12,
      0,
      13,
      2,
      "CONTROL_NET"
    ],
    [
      11,
      14,
      0,
      15,
      0,
      "MODEL"
    ],
    [
      12,
      14,
      1,
      15,
      1,
      "CLIP"
    ],
    [
      14,
      17,
      0,
      16,
      1,
      "CONTEXT_OPTIONS"
    ],
    [
      17,
      21,
      0,
      22,
      0,
      "LATENT"
    ],
    [
      18,
      22,
      0,
      23,
      0,
      "IMAGE"
    ],
    [
      22,
      18,
      0,
      21,
      3,
      "LATENT"
    ],
    [
      24,
      19,
      0,
      13,
      0,
      "CONDITIONING"
    ],
    [
      26,
      20,
      0,
      13,
      1,
      "CONDITIONING"
    ],
    [
      27,
      13,
      0,
      21,
      1,
      "CONDITIONING"
    ],
    [
      28,
      13,
      1,
      21,
      2,
      "CONDITIONING"
    ],
    [
      29,
      24,
      0,
      12,
      0,
      "SPARSE_METHOD"
    ],
    [
      30,
      8,
      0,
      25,
      0,
      "IMAGE"
    ],
    [
      31,
      25,
      0,
      13,
      3,
      "IMAGE"
    ],
    [
      32,
      25,
      0,
      10,
      0,
      "IMAGE"
    ],
    [
      33,
      3,
      0,
      26,
      0,
      "IMAGE"
    ],
    [
      34,
      26,
      0,
      8,
      0,
      "IMAGE"
    ],
    [
      36,
      15,
      1,
      27,
      2,
      "*"
    ],
    [
      37,
      15,
      0,
      27,
      1,
      "*"
    ],
    [
      38,
      14,
      2,
      27,
      0,
      "*"
    ],
    [
      46,
      16,
      0,
      21,
      0,
      "MODEL"
    ],
    [
      48,
      15,
      0,
      16,
      0,
      "MODEL"
    ],
    [
      49,
      15,
      1,
      20,
      0,
      "CLIP"
    ],
    [
      50,
      15,
      1,
      19,
      0,
      "CLIP"
    ],
    [
      51,
      14,
      2,
      22,
      1,
      "VAE"
    ],
    [
      52,
      15,
      0,
      16,
      0,
      "MODEL"
    ],
    [
      53,
      15,
      1,
      20,
      0,
      "CLIP"
    ],
    [
      54,
      15,
      1,
      19,
      0,
      "CLIP"
    ],
    [
      55,
      14,
      2,
      22,
      1,
      "VAE"
    ]
  ],
  "groups": [
    {
      "title": "Group",
      "bounding": [
        -455,
        530,
        2732,
        1360
      ],
      "color": "#3f789e",
      "font_size": 24,
      "locked": false
    },
    {
      "title": "Group",
      "bounding": [
        -453,
        -213,
        1979,
        733
      ],
      "color": "#3f789e",
      "font_size": 24,
      "locked": false
    }
  ],
  "config": {},
  "extra": {},
  "version": 0.4
}